,0,1
0,8.0,0.42012518644332886
1,68.0,0.004539996385574341
2,16.0,0.2948848605155945
3,27.0,0.10611233115196228
4,69.0,0.3628210127353668
5,32.0,0.21772798895835876
6,36.0,0.024588704109191895
7,0.0,0.32752376794815063
8,64.0,0.6412469744682312
9,62.0,0.323965847492218
10,21.0,0.0009275376796722412
11,42.0,0.018510669469833374
12,71.0,0.022787779569625854
13,59.0,0.24010232090950012
14,4.0,0.012255251407623291
15,26.0,0.003242999315261841
16,34.0,0.5767308473587036
17,54.0,0.1357162594795227
18,87.0,0.0741223692893982
19,7.0,0.2364071011543274
20,9.0,0.21506473422050476
21,37.0,0.39426931738853455
22,97.0,0.16124951839447021
23,2.0,0.061475515365600586
24,33.0,0.2782072424888611
25,127.0,0.25803762674331665
26,24.0,0.34871792793273926
27,76.0,0.4663606584072113
28,115.0,0.025573015213012695
29,44.0,0.017097055912017822
30,61.0,0.13245809078216553
31,25.0,0.23109841346740723
32,13.0,0.4260222315788269
33,19.0,0.29251235723495483
34,46.0,0.3388710021972656
35,31.0,0.015237748622894287
36,140.0,0.4216293394565582
37,154.0,0.29854831099510193
38,143.0,0.00683516263961792
39,5.0,0.0004953444004058838
40,20.0,0.003928422927856445
41,51.0,0.1285424530506134
42,67.0,0.393485963344574
43,53.0,0.007906347513198853
44,171.0,0.268410325050354
45,58.0,0.002584487199783325
46,88.0,0.23285192251205444
47,74.0,0.0005157589912414551
48,102.0,0.006043881177902222
49,22.0,0.11882850527763367
50,72.0,0.019006043672561646
51,129.0,0.19858872890472412
52,17.0,0.05682176351547241
53,30.0,0.19453328847885132
54,41.0,0.334429532289505
55,96.0,0.10110804438591003
56,49.0,0.050102561712265015
57,75.0,0.0007020235061645508
58,136.0,0.18276375532150269
59,151.0,0.36883753538131714
60,148.0,0.011724144220352173
61,3.0,0.26537054777145386
62,105.0,0.3946720361709595
63,55.0,0.010608673095703125
64,222.0,0.4102473855018616
65,95.0,0.0018426477909088135
66,117.0,0.014946162700653076
67,181.0,0.19765150547027588
68,18.0,0.5793447494506836
69,90.0,0.4557029902935028
70,103.0,0.0036177635192871094
71,153.0,0.3797714412212372
72,175.0,0.1539669930934906
73,23.0,0.0011505186557769775
74,210.0,0.1773049533367157
75,142.0,0.11460301280021667
76,52.0,0.2780640125274658
77,319.0,0.0005953311920166016
78,207.0,0.0009125769138336182
79,163.0,0.028514444828033447
80,56.0,0.0003985762596130371
81,135.0,0.0008165538311004639
82,147.0,0.0008525252342224121
83,165.0,0.02427193522453308
84,162.0,0.000409543514251709
85,93.0,0.007657349109649658
86,189.0,0.017456233501434326
87,258.0,0.3293069899082184
88,224.0,0.18190544843673706
89,259.0,0.004432618618011475
90,79.0,0.07375568151473999
91,216.0,0.0009170770645141602
92,184.0,0.0006773769855499268
93,144.0,0.03950980305671692
94,445.0,0.016425639390945435
95,28.0,0.09944775700569153
96,128.0,0.12027087807655334
97,6.0,0.2954302430152893
98,83.0,0.00045669078826904297
99,145.0,0.0019473731517791748
100,12.0,0.0004051327705383301
101,111.0,0.019704222679138184
102,150.0,0.16357553005218506
103,121.0,0.06744393706321716
104,250.0,0.011155456304550171
105,246.0,0.10120522975921631
106,101.0,0.0004425346851348877
107,50.0,0.008896708488464355
108,11.0,0.000410616397857666
109,178.0,0.0005389153957366943
110,86.0,0.008701682090759277
111,29.0,0.022104769945144653
112,278.0,0.0004043877124786377
113,94.0,0.0004966855049133301
114,35.0,0.0004502236843109131
115,66.0,0.2742270827293396
116,146.0,0.005617082118988037
117,157.0,0.09077230095863342
118,556.0,0.00045165419578552246
119,205.0,0.0004310309886932373
120,231.0,0.00047576427459716797
121,166.0,0.021590381860733032
122,212.0,0.000729978084564209
123,297.0,0.006146132946014404
124,14.0,0.010510563850402832
125,60.0,0.0004215538501739502
126,167.0,0.0006013810634613037
127,104.0,0.28244292736053467
128,300.0,0.025450050830841064
129,360.0,0.13800394535064697
130,309.0,0.007780015468597412
131,63.0,0.0004937052726745605
132,124.0,0.0011750459671020508
133,274.0,0.0005440413951873779
134,141.0,0.00439375638961792
135,279.0,0.050005197525024414
136,455.0,0.11449280381202698
137,270.0,0.003998816013336182
138,245.0,0.0004794001579284668
139,107.0,0.0007339119911193848
140,110.0,0.23013314604759216
141,244.0,0.010156869888305664
142,256.0,0.05805349349975586
143,381.0,0.22330358624458313
144,43.0,0.025784194469451904
145,130.0,0.022793173789978027
146,85.0,0.014808118343353271
147,202.0,0.046995311975479126
148,38.0,0.10878139734268188
149,448.0,0.0018362998962402344
150,496.0,0.021681874990463257
151,248.0,0.11431050300598145
152,359.0,0.001641303300857544
153,335.0,0.0625174343585968
154,327.0,0.2268720269203186
155,474.0,0.0017275810241699219
156,123.0,0.00046005845069885254
157,267.0,0.014540791511535645
158,48.0,0.0004667043685913086
159,376.0,0.0005645751953125
160,116.0,0.0004264712333679199
161,294.0,0.004423320293426514
162,187.0,0.04084894061088562
163,596.0,0.052902013063430786
164,391.0,0.002164304256439209
165,314.0,0.04502412676811218
166,293.0,0.013780385255813599
167,230.0,0.011473625898361206
168,169.0,0.0004309117794036865
169,599.0,0.004886507987976074
170,312.0,0.0005608499050140381
171,253.0,0.18568789958953857
172,1.0,0.00429081916809082
173,485.0,0.0006507337093353271
174,89.0,0.0004067420959472656
175,161.0,0.06251594424247742
176,134.0,0.00048288702964782715
177,380.0,0.0010946691036224365
178,172.0,0.017669349908828735
179,137.0,0.0009246170520782471
180,186.0,0.002229928970336914
181,40.0,0.08856543898582458
182,323.0,0.0004024803638458252
183,460.0,0.0006161630153656006
184,497.0,0.027153313159942627
185,70.0,0.0004121363162994385
186,243.0,0.003972172737121582
187,220.0,0.005310237407684326
188,423.0,0.0012725889682769775
189,542.0,0.03908061981201172
190,263.0,0.00046131014823913574
191,382.0,0.0005387365818023682
192,261.0,0.0014056861400604248
193,233.0,0.0010737180709838867
194,198.0,0.0004629790782928467
195,219.0,0.0013611018657684326
196,318.0,0.00042307376861572266
197,251.0,0.0004616379737854004
198,15.0,0.0033798813819885254
199,311.0,0.0019525587558746338
200,337.0,0.00046136975288391113
201,800.0,0.000493466854095459
202,394.0,0.007445156574249268
203,252.0,0.002007514238357544
204,339.0,0.000866234302520752
205,426.0,0.014450758695602417
206,292.0,0.0014083385467529297
207,377.0,0.0532623827457428
208,269.0,0.0005476176738739014
209,310.0,0.0004642903804779053
210,45.0,0.058772772550582886
211,725.0,0.0015679895877838135
212,425.0,0.01287791132926941
213,281.0,0.0006036162376403809
214,604.0,0.00126609206199646
215,268.0,0.0007941126823425293
216,467.0,0.02799588441848755
217,383.0,0.00048661231994628906
218,299.0,0.0012007057666778564
219,241.0,0.003371208906173706
220,287.0,0.003584951162338257
221,663.0,0.00040915608406066895
222,802.0,0.10058614611625671
223,180.0,0.0004937350749969482
224,519.0,0.028801292181015015
225,420.0,0.0005302727222442627
226,826.0,0.002131730318069458
227,164.0,0.0010863542556762695
228,658.0,0.0004226863384246826
229,226.0,0.00039392709732055664
230,624.0,0.004895389080047607
231,308.0,0.013966023921966553
232,348.0,0.000458449125289917
233,568.0,0.0034354329109191895
234,509.0,0.0005536079406738281
235,365.0,0.0005369484424591064
236,203.0,0.00047904253005981445
237,260.0,0.00044724345207214355
238,769.0,0.0004558861255645752
239,447.0,0.0005398094654083252
240,199.0,0.0013114213943481445
241,99.0,0.00234144926071167
242,779.0,0.00046190619468688965
243,356.0,0.0035935640335083008
244,900.0,0.008479833602905273
245,554.0,0.009567737579345703
246,65.0,0.02020701766014099
247,149.0,0.0005144476890563965
248,762.0,0.006678670644760132
249,503.0,0.0005143880844116211
250,493.0,0.021350771188735962
251,824.0,0.0033567845821380615
252,666.0,0.003039449453353882
253,543.0,0.004568576812744141
254,786.0,0.0004220902919769287
255,353.0,0.0004640519618988037
256,155.0,0.007973849773406982
257,332.0,0.001405566930770874
258,629.0,0.03476575016975403
259,301.0,0.028656065464019775
260,436.0,0.001980900764465332
261,1025.0,0.0034957528114318848
262,506.0,0.00040099024772644043
263,152.0,0.003548145294189453
264,569.0,0.0006173253059387207
265,914.0,0.00090789794921875
266,684.0,0.0004793703556060791
267,358.0,0.006123065948486328
268,306.0,0.002398461103439331
269,453.0,0.0028145015239715576
270,608.0,0.009594500064849854
271,211.0,0.0005025863647460938
272,514.0,0.0004114210605621338
273,911.0,0.0006475150585174561
274,680.0,0.010432809591293335
275,750.0,0.0010064244270324707
276,727.0,0.0006954371929168701
277,450.0,0.0004987716674804688
278,289.0,0.017014235258102417
279,315.0,0.010098367929458618
280,206.0,0.0005041658878326416
281,192.0,0.0024875998497009277
282,257.0,0.0004987418651580811
283,641.0,0.0005437135696411133
284,296.0,0.0004989802837371826
285,463.0,0.0005235671997070312
286,661.0,0.0012193918228149414
287,481.0,0.002277880907058716
288,766.0,0.0004990994930267334
289,195.0,0.0014223456382751465
290,368.0,0.0008385777473449707
291,664.0,0.00043842196464538574
292,240.0,0.002920478582382202
293,328.0,0.004953056573867798
294,850.0,0.005457073450088501
295,188.0,0.00047653913497924805
296,842.0,0.001391083002090454
297,214.0,0.012595027685165405
298,378.0,0.0005901157855987549
299,691.0,0.0023463070392608643
300,338.0,0.010793507099151611
301,768.0,0.0017080307006835938
302,711.0,0.0011928677558898926
303,806.0,0.0004703700542449951
304,286.0,0.00041666626930236816
305,532.0,0.0009996294975280762
306,566.0,0.0015975534915924072
307,986.0,0.0006078183650970459
308,218.0,0.002087414264678955
309,880.0,0.010673344135284424
310,302.0,0.002731502056121826
311,620.0,0.003232598304748535
312,479.0,0.004624098539352417
313,132.0,0.0010541081428527832
314,637.0,0.005097419023513794
315,367.0,0.0014187097549438477
316,73.0,0.00040924549102783203
317,574.0,0.0004177391529083252
318,975.0,0.0033591091632843018
319,393.0,0.05429080128669739
320,507.0,0.0007158815860748291
321,1100.0,0.0009558498859405518
322,406.0,0.00045183300971984863
323,999.0,0.0038920044898986816
324,715.0,0.0007289648056030273
325,385.0,0.00046756863594055176
326,1187.0,0.0008814036846160889
327,177.0,0.006483972072601318
328,227.0,0.001303642988204956
329,838.0,0.000767052173614502
330,518.0,0.0004169344902038574
331,588.0,0.00045293569564819336
332,193.0,0.0017178654670715332
333,892.0,0.00045502185821533203
334,313.0,0.0005696415901184082
335,1001.0,0.00657576322555542
336,275.0,0.0004595816135406494
337,657.0,0.0032308101654052734
338,473.0,0.001252204179763794
339,305.0,0.003000110387802124
340,978.0,0.00043275952339172363
341,952.0,0.0004273951053619385
342,550.0,0.0007388591766357422
343,583.0,0.0003972053527832031
344,375.0,0.0004981756210327148
345,321.0,0.0005106925964355469
346,718.0,0.0004044771194458008
347,1356.0,0.00041621923446655273
348,553.0,0.002071887254714966
349,482.0,0.0005163252353668213
350,10.0,0.0004655420780181885
351,179.0,0.00041750073432922363
352,823.0,0.00040522217750549316
353,1177.0,0.0017299056053161621
354,1064.0,0.0005529820919036865
355,91.0,0.00044274330139160156
356,78.0,0.0019205212593078613
357,265.0,0.00041624903678894043
358,429.0,0.0016189813613891602
359,1175.0,0.00659605860710144
360,662.0,0.010686337947845459
361,1417.0,0.0004660189151763916
362,773.0,0.0004844963550567627
363,326.0,0.0004855692386627197
364,1115.0,0.0005135238170623779
365,204.0,0.002024024724960327
366,905.0,0.0005183517932891846
367,82.0,0.0011573731899261475
368,882.0,0.0013518035411834717
369,290.0,0.00042936205863952637
370,1241.0,0.000516742467880249
371,1297.0,0.0005136728286743164
372,81.0,0.00045359134674072266
373,963.0,0.0004006624221801758
374,655.0,0.0004760921001434326
375,821.0,0.0009602606296539307
376,1082.0,0.005776077508926392
377,215.0,0.002885967493057251
378,683.0,0.0012610554695129395
379,1188.0,0.0004005134105682373
380,738.0,0.004365414381027222
381,1093.0,0.0079193115234375
382,941.0,0.003540903329849243
383,329.0,0.0023606717586517334
384,418.0,0.0004799962043762207
385,1257.0,0.0010955333709716797
386,1079.0,0.000514686107635498
387,342.0,0.0003865957260131836
388,669.0,0.0004741847515106201
389,1404.0,0.0004278123378753662
390,139.0,0.0004087686538696289
391,122.0,0.00512203574180603
392,324.0,0.00045669078826904297
393,820.0,0.0011273324489593506
394,701.0,0.003060966730117798
395,577.0,0.00041043758392333984
396,487.0,0.0005173385143280029
397,1425.0,0.0005661249160766602
398,876.0,0.000529855489730835
399,320.0,0.0006357133388519287
400,1199.0,0.0004368722438812256
401,1042.0,0.00040665268898010254
402,1227.0,0.0004266798496246338
403,912.0,0.00048464536666870117
404,1308.0,0.0005767345428466797
405,475.0,0.0005645155906677246
406,1118.0,0.0011180639266967773
407,57.0,0.00039702653884887695
408,276.0,0.00046694278717041016
409,1209.0,0.0004417598247528076
410,465.0,0.00047919154167175293
411,630.0,0.00040858983993530273
412,1122.0,0.0004883110523223877
413,871.0,0.00043383240699768066
414,92.0,0.000566631555557251
415,572.0,0.0004355013370513916
416,893.0,0.0004304349422454834
417,472.0,0.00040391087532043457
418,438.0,0.0007570385932922363
419,1062.0,0.0005820989608764648
420,659.0,0.0022125244140625
421,173.0,0.00045168399810791016
422,756.0,0.00044414401054382324
423,717.0,0.0035820603370666504
424,675.0,0.000481337308883667
425,440.0,0.0025214552879333496
426,273.0,0.0029352903366088867
427,399.0,0.0005417764186859131
428,817.0,0.0005043148994445801
429,1060.0,0.000901341438293457
430,477.0,0.0003936588764190674
431,626.0,0.0005360543727874756
432,264.0,0.0004635453224182129
433,1108.0,0.00045752525329589844
434,183.0,0.00041788816452026367
435,442.0,0.0004493296146392822
436,307.0,0.0016730129718780518
437,704.0,0.0006008148193359375
438,1084.0,0.0006600022315979004
439,213.0,0.0004607737064361572
440,1048.0,0.0006482899188995361
441,126.0,0.00047650933265686035
442,579.0,0.000615537166595459
443,437.0,0.0004744231700897217
444,458.0,0.000510871410369873
445,937.0,0.025765687227249146
446,726.0,0.0004779994487762451
447,578.0,0.0019545555114746094
448,77.0,0.006785035133361816
449,1002.0,0.0005037188529968262
450,790.0,0.0014439225196838379
451,1191.0,0.0005408823490142822
452,676.0,0.0004054605960845947
453,537.0,0.0015799403190612793
454,298.0,0.0004623234272003174
455,712.0,0.010049670934677124
456,419.0,0.0004980564117431641
457,533.0,0.0004156827926635742
458,459.0,0.0006007552146911621
459,654.0,0.0005813837051391602
460,1070.0,0.003706812858581543
461,909.0,0.00048282742500305176
462,868.0,0.00045102834701538086
463,1063.0,0.0013854801654815674
464,404.0,0.0004056990146636963
465,635.0,0.0006857812404632568
466,468.0,0.0004321634769439697
467,1247.0,0.0023920536041259766
468,943.0,0.0005719959735870361
469,334.0,0.0005044937133789062
470,1031.0,0.0004163384437561035
471,993.0,0.00046688318252563477
472,1139.0,0.0006693005561828613
473,414.0,0.001000434160232544
474,397.0,0.006256818771362305
475,499.0,0.0007056891918182373
476,159.0,0.0004724264144897461
477,405.0,0.0006193220615386963
478,915.0,0.0004782378673553467
479,170.0,0.001186072826385498
480,1223.0,0.0005521476268768311
481,1058.0,0.0013633966445922852
482,922.0,0.0009466111660003662
483,810.0,0.0004070103168487549
484,1047.0,0.0005073249340057373
485,942.0,0.004520386457443237
486,741.0,0.00042492151260375977
487,965.0,0.0007240176200866699
488,623.0,0.000401914119720459
489,834.0,0.0003972947597503662
490,1039.0,0.00042122602462768555
491,234.0,0.0005309581756591797
492,546.0,0.00040903687477111816
493,672.0,0.0017814934253692627
494,354.0,0.0004741549491882324
495,930.0,0.00046944618225097656
496,563.0,0.006747692823410034
497,960.0,0.0037041306495666504
498,480.0,0.0004496574401855469
499,796.0,0.0005653798580169678
500,734.0,0.0005190074443817139
501,830.0,0.0005477964878082275
502,1162.0,0.0004817545413970947
503,1097.0,0.0017912089824676514
504,716.0,0.00044029951095581055
505,501.0,0.0005122125148773193
506,208.0,0.0016460418701171875
507,754.0,0.001125037670135498
508,1264.0,0.0005065798759460449
509,1213.0,0.002063274383544922
510,133.0,0.0004534721374511719
511,283.0,0.0004432499408721924
512,525.0,0.00042691826820373535
513,427.0,0.000399857759475708
514,451.0,0.001551300287246704
515,1369.0,0.00046750903129577637
516,239.0,0.0005258619785308838
517,109.0,0.0004124641418457031
518,191.0,0.0010823309421539307
519,751.0,0.002217113971710205
520,931.0,0.000490039587020874
521,781.0,0.0004776418209075928
522,235.0,0.0005100667476654053
523,431.0,0.0004107058048248291
524,873.0,0.00045564770698547363
525,1032.0,0.0005418360233306885
526,702.0,0.00038877129554748535
527,940.0,0.0004629790782928467
528,1004.0,0.0004833638668060303
529,1174.0,0.0004381537437438965
530,491.0,0.0004661381244659424
531,996.0,0.0004749298095703125
532,225.0,0.0012168586254119873
533,398.0,0.0005814433097839355
534,793.0,0.0004918873310089111
535,877.0,0.0004398226737976074
536,549.0,0.000448375940322876
537,622.0,0.0005931854248046875
538,516.0,0.00039190053939819336
539,730.0,0.0005137026309967041
540,285.0,0.0003934204578399658
541,1056.0,0.0004131793975830078
542,954.0,0.003550022840499878
543,567.0,0.0017511248588562012
544,1287.0,0.000479966402053833
545,597.0,0.00047841668128967285
546,780.0,0.000553131103515625
547,1035.0,0.00040534138679504395
548,918.0,0.0005164444446563721
549,500.0,0.0005268454551696777
550,552.0,0.0009614825248718262
551,891.0,0.00046378374099731445
552,366.0,0.0005189776420593262
553,587.0,0.0009473264217376709
554,396.0,0.0018543601036071777
555,618.0,0.0004439055919647217
556,370.0,0.014513939619064331
557,575.0,0.0004335939884185791
558,818.0,0.0005104243755340576
559,1041.0,0.0004786550998687744
560,548.0,0.0004259049892425537
561,349.0,0.0004661679267883301
562,698.0,0.00046437978744506836
563,731.0,0.000552445650100708
564,47.0,0.0004513263702392578
565,1011.0,0.0004191398620605469
566,386.0,0.0012119114398956299
567,247.0,0.0005210041999816895
568,719.0,0.0020696520805358887
569,249.0,0.0016364753246307373
570,785.0,0.00047281384468078613
571,866.0,0.000408858060836792
572,539.0,0.0006746351718902588
573,371.0,0.00043648481369018555
574,364.0,0.0011489689350128174
575,758.0,0.0005165338516235352
576,794.0,0.00047340989112854004
577,505.0,0.0007263422012329102
578,729.0,0.0005967915058135986
579,799.0,0.0006012916564941406
580,692.0,0.0004734992980957031
581,898.0,0.0004590749740600586
582,444.0,0.00040537118911743164
583,345.0,0.000960618257522583
584,558.0,0.0004451274871826172
585,522.0,0.0004092752933502197
586,1143.0,0.00042107701301574707
587,815.0,0.0005180537700653076
588,668.0,0.0010769963264465332
589,611.0,0.00045758485794067383
590,484.0,0.000467836856842041
591,1037.0,0.0004303455352783203
592,508.0,0.0004884898662567139
593,967.0,0.0004228353500366211
594,1378.0,0.0004031956195831299
595,803.0,0.00040274858474731445
596,645.0,0.005146622657775879
597,744.0,0.0005205869674682617
598,795.0,0.00041615962982177734
599,469.0,0.004681140184402466
600,428.0,0.0004133880138397217
601,280.0,0.000503838062286377
602,601.0,0.0004267394542694092
603,449.0,0.0004773736000061035
604,1413.0,0.00246506929397583
605,271.0,0.0003978312015533447
606,1096.0,0.0004908740520477295
607,851.0,0.00039833784103393555
608,1126.0,0.0015740692615509033
609,959.0,0.0004996955394744873
610,908.0,0.0004132390022277832
611,609.0,0.0005077719688415527
612,1020.0,0.00039970874786376953
613,765.0,0.00043660402297973633
614,288.0,0.00041535496711730957
615,695.0,0.0004107356071472168
616,284.0,0.0004304945468902588
617,277.0,0.0004310309886932373
618,282.0,0.0005168318748474121
619,1054.0,0.0004929304122924805
620,344.0,0.0011921525001525879
621,852.0,0.0004048645496368408
622,456.0,0.0005263388156890869
623,652.0,0.0005548596382141113
624,783.0,0.0021187961101531982
625,113.0,0.000407487154006958
626,956.0,0.0006188750267028809
627,1200.0,0.00042372941970825195
628,39.0,0.000407487154006958
629,987.0,0.0017176270484924316
630,784.0,0.0006826221942901611
631,1040.0,0.00045552849769592285
632,757.0,0.0004247725009918213
633,223.0,0.0004006326198577881
634,131.0,0.00044548511505126953
635,201.0,0.0005736649036407471
636,844.0,0.0004776418209075928
637,899.0,0.001172572374343872
638,619.0,0.000434190034866333
639,721.0,0.0004610419273376465
640,534.0,0.0004372894763946533
641,859.0,0.0013956427574157715
642,606.0,0.0004471242427825928
643,520.0,0.0004601776599884033
644,1258.0,0.000409543514251709
645,883.0,0.0005055665969848633
646,888.0,0.00047013163566589355
647,926.0,0.0004431605339050293
648,592.0,0.0004801452159881592
649,412.0,0.0004271864891052246
650,724.0,0.0004400014877319336
651,984.0,0.00045558810234069824
652,694.0,0.0004978477954864502
653,896.0,0.00042510032653808594
654,677.0,0.0005809366703033447
655,878.0,0.0008040070533752441
656,1026.0,0.0004665255546569824
657,217.0,0.0010051131248474121
658,1000.0,0.002160102128982544
659,1181.0,0.0006561279296875
660,363.0,0.00043269991874694824
661,714.0,0.0013742446899414062
662,1104.0,0.0008978843688964844
663,829.0,0.0022645294666290283
664,1313.0,0.0013430416584014893
665,958.0,0.0004668235778808594
666,403.0,0.001762688159942627
667,362.0,0.00043636560440063477
668,966.0,0.0005078017711639404
669,809.0,0.0007385909557342529
670,1309.0,0.00045120716094970703
671,528.0,0.0004215240478515625
672,1017.0,0.0005531013011932373
673,176.0,0.0004673302173614502
674,461.0,0.000422060489654541
675,736.0,0.0006484389305114746
676,502.0,0.000593721866607666
677,936.0,0.00048729777336120605
678,1347.0,0.00047004222869873047
679,424.0,0.0004298686981201172
680,1006.0,0.0015031993389129639
681,648.0,0.0004068613052368164
682,384.0,0.00040400028228759766
683,544.0,0.0007941126823425293
684,923.0,0.0016205310821533203
685,138.0,0.00044462084770202637
686,266.0,0.00039207935333251953
687,1003.0,0.00039574503898620605
688,410.0,0.00043660402297973633
689,236.0,0.0004424750804901123
690,559.0,0.0004774630069732666
691,861.0,0.0012556910514831543
692,545.0,0.0005113482475280762
693,478.0,0.0004468262195587158
694,1208.0,0.0004876554012298584
695,446.0,0.0004990994930267334
696,887.0,0.00038939714431762695
697,521.0,0.00042888522148132324
698,636.0,0.0005162954330444336
699,1066.0,0.00042879581451416016
700,690.0,0.0004729330539703369
701,603.0,0.0007270574569702148
702,917.0,0.0005349814891815186
703,814.0,0.00046321749687194824
704,295.0,0.0006055533885955811
705,441.0,0.00040155649185180664
706,739.0,0.0004735887050628662
707,374.0,0.0004080533981323242
708,120.0,0.0004387795925140381
709,776.0,0.0004391670227050781
710,1077.0,0.0004227757453918457
711,961.0,0.0012343823909759521
712,531.0,0.0005839169025421143
713,949.0,0.000421673059463501
714,1128.0,0.00048550963401794434
715,443.0,0.001111835241317749
716,388.0,0.00054892897605896
717,494.0,0.0006490349769592285
718,706.0,0.0009545385837554932
719,580.0,0.0005144178867340088
720,576.0,0.0004070401191711426
721,700.0,0.0004921853542327881
722,1021.0,0.0003802180290222168
723,570.0,0.000454634428024292
724,950.0,0.0004877746105194092
725,476.0,0.0025286972522735596
726,947.0,0.0005983710289001465
727,1055.0,0.0014636814594268799
728,1012.0,0.0004093050956726074
729,733.0,0.0005117356777191162
730,303.0,0.0005247294902801514
731,1132.0,0.0005159974098205566
732,646.0,0.000449448823928833
733,678.0,0.00047144293785095215
734,792.0,0.0005508661270141602
735,495.0,0.0004215538501739502
736,771.0,0.0004819631576538086
737,1329.0,0.0004336833953857422
738,1107.0,0.0007927417755126953
739,775.0,0.00047639012336730957
740,872.0,0.0004538595676422119
741,945.0,0.00055694580078125
742,1092.0,0.0003885924816131592
743,848.0,0.0004146695137023926
744,590.0,0.0005050897598266602
745,325.0,0.00041815638542175293
746,515.0,0.0004391968250274658
747,1393.0,0.0004214942455291748
748,673.0,0.0004355311393737793
749,798.0,0.00041928887367248535
750,408.0,0.0014826953411102295
751,471.0,0.0005386471748352051
752,665.0,0.000391542911529541
753,158.0,0.0004163682460784912
754,656.0,0.000546872615814209
755,561.0,0.00043824315071105957
756,530.0,0.0006506741046905518
757,361.0,0.000493854284286499
758,350.0,0.0005134344100952148
759,995.0,0.000447005033493042
760,1337.0,0.00046181678771972656
761,1088.0,0.0004214942455291748
762,562.0,0.0018180310726165771
763,209.0,0.0004183650016784668
764,255.0,0.0004138350486755371
765,551.0,0.0004992187023162842
766,822.0,0.0013628005981445312
767,432.0,0.00041300058364868164
768,703.0,0.0012444555759429932
769,194.0,0.001962989568710327
770,527.0,0.0004226565361022949
771,1243.0,0.00046944618225097656
772,454.0,0.00040403008460998535
773,853.0,0.0008849501609802246
774,1196.0,0.0003999173641204834
775,1166.0,0.0004691481590270996
776,242.0,0.0004754066467285156
777,1136.0,0.0004088282585144043
778,760.0,0.0004125237464904785
779,197.0,0.0019396543502807617
780,875.0,0.000519871711730957
781,200.0,0.0005375444889068604
782,190.0,0.0004234910011291504
783,639.0,0.0004977881908416748
784,1246.0,0.000494152307510376
785,439.0,0.0005143284797668457
786,643.0,0.0017321109771728516
787,1286.0,0.0004220008850097656
788,156.0,0.00042554736137390137
789,925.0,0.00040915608406066895
790,856.0,0.0005950033664703369
791,1113.0,0.0004185140132904053
792,336.0,0.00046944618225097656
793,1147.0,0.0005283355712890625
794,581.0,0.0005129873752593994
795,232.0,0.0005047917366027832
796,1112.0,0.000551074743270874
797,1142.0,0.00042256712913513184
798,589.0,0.0004673302173614502
799,433.0,0.0005116164684295654
800,889.0,0.0031734108924865723
801,1193.0,0.00045612454414367676
802,392.0,0.002249479293823242
803,98.0,0.0005056560039520264
804,920.0,0.000382155179977417
805,1222.0,0.0004380345344543457
806,801.0,0.0012304186820983887
807,1240.0,0.00043573975563049316
808,238.0,0.000398486852645874
809,864.0,0.0004844367504119873
810,524.0,0.0005585551261901855
811,651.0,0.0004207789897918701
812,631.0,0.00043469667434692383
813,846.0,0.0004177093505859375
814,1272.0,0.00047707557678222656
815,1111.0,0.000508427619934082
816,333.0,0.00039383769035339355
817,1256.0,0.0006351172924041748
818,1045.0,0.0005165040493011475
819,723.0,0.0004146099090576172
820,740.0,0.0007280409336090088
821,1134.0,0.0007999539375305176
822,372.0,0.00046372413635253906
823,510.0,0.0009241998195648193
824,831.0,0.001777052879333496
825,895.0,0.0004150867462158203
826,331.0,0.0021968483924865723
827,1328.0,0.0004405379295349121
828,322.0,0.0004241466522216797
829,1221.0,0.00048542022705078125
830,1190.0,0.0005499422550201416
831,421.0,0.0004533231258392334
832,118.0,0.0003966391086578369
833,564.0,0.0004337728023529053
834,670.0,0.0005541741847991943
835,462.0,0.00040391087532043457
836,114.0,0.0004017651081085205
837,1119.0,0.0004349350929260254
838,498.0,0.0010834932327270508
839,1106.0,0.0004286468029022217
840,1207.0,0.00044783949851989746
841,732.0,0.00040712952613830566
842,1022.0,0.0012691915035247803
843,435.0,0.00043573975563049316
844,948.0,0.0004933476448059082
845,1269.0,0.00043573975563049316
846,1051.0,0.00045549869537353516
847,894.0,0.0004418492317199707
848,944.0,0.0004680454730987549
849,910.0,0.00040963292121887207
850,881.0,0.0012853145599365234
851,1033.0,0.0005021095275878906
852,957.0,0.0004981160163879395
853,536.0,0.0004622936248779297
854,1424.0,0.0004207789897918701
855,840.0,0.00040274858474731445
856,1249.0,0.0004597008228302002
857,1016.0,0.0004087388515472412
858,237.0,0.0003915131092071533
859,642.0,0.0004918575286865234
860,759.0,0.00040918588638305664
861,693.0,0.00047850608825683594
862,1270.0,0.00042742490768432617
863,921.0,0.0004272162914276123
864,939.0,0.0004557669162750244
865,634.0,0.00044399499893188477
866,584.0,0.0005141198635101318
867,1167.0,0.00044083595275878906
868,1363.0,0.0005785524845123291
869,685.0,0.000409543514251709
870,1074.0,0.00043267011642456055
871,422.0,0.0006784200668334961
872,865.0,0.00046831369400024414
873,555.0,0.0005358755588531494
874,1053.0,0.00043585896492004395
875,511.0,0.0004615485668182373
876,647.0,0.0007159709930419922
877,355.0,0.0005273520946502686
878,106.0,0.0004869997501373291
879,689.0,0.00040727853775024414
880,1408.0,0.0011931657791137695
881,847.0,0.0004488527774810791
882,409.0,0.0008485317230224609
883,867.0,0.0004890263080596924
884,935.0,0.00040534138679504395
885,1073.0,0.00038936734199523926
886,1237.0,0.00039762258529663086
887,827.0,0.00047779083251953125
888,1225.0,0.0004889070987701416
889,1013.0,0.00045749545097351074
890,504.0,0.00041100382804870605
891,650.0,0.000518798828125
892,1163.0,0.0010555386543273926
893,968.0,0.00067099928855896
894,535.0,0.00044921040534973145
895,1197.0,0.00045305490493774414
896,1228.0,0.0004876554012298584
897,1397.0,0.00040331482887268066
898,1189.0,0.0005109012126922607
899,1400.0,0.0004932284355163574
900,1123.0,0.0018905401229858398
901,924.0,0.0004271566867828369
902,746.0,0.00040408968925476074
903,709.0,0.00043582916259765625
904,1210.0,0.00040036439895629883
905,708.0,0.0008590519428253174
906,1049.0,0.0004048347473144531
907,955.0,0.0004335641860961914
908,291.0,0.0004998743534088135
909,1028.0,0.0005793571472167969
910,755.0,0.0004489719867706299
911,529.0,0.0015393197536468506
912,805.0,0.0007087290287017822
913,1334.0,0.0003940165042877197
914,997.0,0.0016304552555084229
915,979.0,0.0005614161491394043
916,1325.0,0.0004273355007171631
917,1023.0,0.0004773139953613281
918,640.0,0.0005193054676055908
919,1036.0,0.00042551755905151367
920,1235.0,0.0004566609859466553
921,1151.0,0.0004457235336303711
922,400.0,0.0005589425563812256
923,1288.0,0.0004794895648956299
924,1254.0,0.0004393458366394043
925,688.0,0.00045996904373168945
926,613.0,0.0004889070987701416
927,573.0,0.0004271566867828369
928,1164.0,0.00042065978050231934
929,667.0,0.00039964914321899414
930,1302.0,0.0005528628826141357
931,1052.0,0.0005380511283874512
932,1027.0,0.00038745999336242676
933,1008.0,0.00038167834281921387
934,1185.0,0.0004133284091949463
935,1173.0,0.0004407167434692383
936,874.0,0.00048160552978515625
937,903.0,0.0005985796451568604
938,843.0,0.0004086494445800781
939,807.0,0.0004455745220184326
940,845.0,0.0005346834659576416
941,748.0,0.0007683038711547852
942,415.0,0.0005573928356170654
943,1361.0,0.0005698502063751221
944,1290.0,0.0004489719867706299
945,1233.0,0.00046822428703308105
946,837.0,0.0004222989082336426
947,812.0,0.00047200918197631836
948,638.0,0.00044929981231689453
949,1194.0,0.0004748702049255371
950,1353.0,0.00047269463539123535
951,1127.0,0.00042629241943359375
952,413.0,0.0009728968143463135
953,833.0,0.0004038214683532715
954,737.0,0.0005220174789428711
955,1067.0,0.00043848156929016113
956,557.0,0.0004963874816894531
957,907.0,0.00044846534729003906
958,969.0,0.0004851818084716797
959,1323.0,0.0005001723766326904
960,1248.0,0.0005521476268768311
961,340.0,0.00047513842582702637
962,1007.0,0.000400543212890625
963,660.0,0.0008057355880737305
964,870.0,0.000421375036239624
965,977.0,0.0005565881729125977
966,1402.0,0.0004844963550567627
967,466.0,0.0005064010620117188
968,1327.0,0.0004399120807647705
969,1165.0,0.0004330873489379883
970,1205.0,0.00042513012886047363
971,1182.0,0.0004094839096069336
972,617.0,0.00041750073432922363
973,119.0,0.0004245340824127197
974,168.0,0.0004101693630218506
975,983.0,0.001132965087890625
976,616.0,0.00041159987449645996
977,416.0,0.00043252110481262207
978,591.0,0.0009902715682983398
979,1268.0,0.0004375874996185303
980,1080.0,0.0003993511199951172
981,1358.0,0.0004127025604248047
982,679.0,0.000414431095123291
983,1130.0,0.0004309117794036865
984,1153.0,0.0004877150058746338
985,369.0,0.0004048943519592285
986,1338.0,0.0012010931968688965
987,697.0,0.0004951059818267822
988,1145.0,0.0004203617572784424
989,699.0,0.0004086494445800781
990,1229.0,0.0004094243049621582
991,839.0,0.0004245340824127197
992,389.0,0.00039440393447875977
993,1375.0,0.000568687915802002
994,1114.0,0.0004138648509979248
995,1291.0,0.0004649162292480469
996,1332.0,0.0005308687686920166
997,862.0,0.00043782591819763184
998,341.0,0.00041285157203674316
999,916.0,0.0011118948459625244
1000,863.0,0.00048607587814331055
1001,649.0,0.0010080337524414062
1002,927.0,0.0005952119827270508
1003,901.0,0.0004793405532836914
1004,512.0,0.0005323290824890137
1005,1333.0,0.0003962516784667969
1006,1360.0,0.00048065185546875
1007,602.0,0.00043269991874694824
1008,402.0,0.0004360675811767578
1009,1343.0,0.0004201233386993408
1010,160.0,0.0003986656665802002
1011,951.0,0.000514984130859375
1012,1172.0,0.0004717707633972168
1013,560.0,0.00044038891792297363
1014,1295.0,0.00041869282722473145
1015,788.0,0.00041294097900390625
1016,919.0,0.0004474222660064697
1017,970.0,0.00048297643661499023
1018,1335.0,0.00042051076889038086
1019,653.0,0.0004087388515472412
1020,486.0,0.0004993975162506104
1021,1284.0,0.00047284364700317383
1022,632.0,0.0004493892192840576
1023,973.0,0.0004373490810394287
1024,991.0,0.0004011988639831543
1025,1367.0,0.0016570985317230225
1026,828.0,0.00048676133155822754
1027,1372.0,0.0004361271858215332
1028,1262.0,0.00043824315071105957
1029,1303.0,0.00042116641998291016
1030,1078.0,0.00041165947914123535
1031,1169.0,0.0005695223808288574
1032,1392.0,0.0005352199077606201
1033,1203.0,0.00044846534729003906
1034,627.0,0.00040471553802490234
1035,782.0,0.0005195140838623047
1036,1215.0,0.00043711066246032715
1037,1370.0,0.0005065798759460449
1038,1102.0,0.0004226267337799072
1039,1156.0,0.0005537569522857666
1040,196.0,0.0004940629005432129
1041,1250.0,0.0005165040493011475
1042,1195.0,0.0007144510746002197
1043,593.0,0.0003948807716369629
1044,710.0,0.00040522217750549316
1045,228.0,0.0004547238349914551
1046,770.0,0.0004119277000427246
1047,1038.0,0.0005575418472290039
1048,1176.0,0.000601649284362793
1049,797.0,0.0004387199878692627
1050,1109.0,0.0004082620143890381
1051,946.0,0.00044924020767211914
1052,1076.0,0.00043633580207824707
1053,1318.0,0.00044336915016174316
1054,254.0,0.0004985630512237549
1055,674.0,0.0004718303680419922
1056,1152.0,0.0005227625370025635
1057,787.0,0.0003934502601623535
1058,1292.0,0.0005590617656707764
1059,1351.0,0.00040143728256225586
1060,713.0,0.0006243884563446045
1061,1399.0,0.00041550397872924805
1062,735.0,0.0006576776504516602
1063,125.0,0.0005773305892944336
1064,671.0,0.000917971134185791
1065,761.0,0.00040653347969055176
1066,747.0,0.000477522611618042
1067,964.0,0.0004336535930633545
1068,1387.0,0.00039777159690856934
1069,1271.0,0.0004139244556427002
1070,490.0,0.0005799829959869385
1071,1029.0,0.0003993809223175049
1072,586.0,0.0004115104675292969
1073,811.0,0.0004406273365020752
1074,854.0,0.0004445016384124756
1075,1405.0,0.0003987550735473633
1076,928.0,0.0004222691059112549
1077,1018.0,0.00047531723976135254
1078,988.0,0.00042381882667541504
1079,1279.0,0.000748753547668457
1080,1406.0,0.00043001770973205566
1081,1211.0,0.0004190504550933838
1082,1009.0,0.0007996857166290283
1083,1099.0,0.0003937184810638428
1084,1331.0,0.0006050169467926025
1085,749.0,0.0004011094570159912
1086,565.0,0.00040662288665771484
1087,1081.0,0.00040027499198913574
1088,1418.0,0.00046437978744506836
1089,1394.0,0.00041091442108154297
1090,1232.0,0.00040656328201293945
1091,1014.0,0.00040200352668762207
1092,1157.0,0.0004680454730987549
1093,1265.0,0.000771641731262207
1094,1282.0,0.00039330124855041504
1095,791.0,0.0004054605960845947
1096,763.0,0.0005024373531341553
1097,745.0,0.0005490481853485107
1098,1391.0,0.00041043758392333984
1099,434.0,0.0004201233386993408
1100,317.0,0.0011210441589355469
1101,813.0,0.00040543079376220703
1102,351.0,0.00042316317558288574
1103,972.0,0.00039201974868774414
1104,1384.0,0.00048550963401794434
1105,1357.0,0.00041425228118896484
1106,1278.0,0.0004496574401855469
1107,1348.0,0.0004692971706390381
1108,1179.0,0.0006168484687805176
1109,1377.0,0.00042253732681274414
1110,1253.0,0.00041049718856811523
1111,330.0,0.0004552006721496582
1112,1230.0,0.0004577040672302246
1113,1117.0,0.0004596412181854248
1114,304.0,0.0004278123378753662
1115,1131.0,0.0008672475814819336
1116,753.0,0.0004038214683532715
1117,470.0,0.00041675567626953125
1118,357.0,0.0007037520408630371
1119,347.0,0.00045013427734375
1120,598.0,0.00041025876998901367
1121,1320.0,0.00039955973625183105
1122,1201.0,0.0006808638572692871
1123,1407.0,0.0004393458366394043
1124,1319.0,0.00040796399116516113
1125,1214.0,0.00039899349212646484
1126,457.0,0.0005016326904296875
1127,1296.0,0.00043389201164245605
1128,1266.0,0.00047460198402404785
1129,1061.0,0.0003993809223175049
1130,1373.0,0.00042948126792907715
1131,614.0,0.0004165768623352051
1132,825.0,0.00047019124031066895
1133,1324.0,0.0004061758518218994
1134,1192.0,0.00045368075370788574
1135,1154.0,0.0004025399684906006
1136,743.0,0.00046184659004211426
1137,819.0,0.00039654970169067383
1138,982.0,0.00040033459663391113
1139,1368.0,0.0005686581134796143
1140,1105.0,0.0004031360149383545
1141,1366.0,0.00041216611862182617
1142,1180.0,0.0004576444625854492
1143,1362.0,0.0005089938640594482
1144,1236.0,0.00041240453720092773
1145,1219.0,0.00042885541915893555
1146,1069.0,0.00038933753967285156
1147,994.0,0.00045925378799438477
1148,764.0,0.0003999769687652588
1149,1245.0,0.00041174888610839844
1150,1280.0,0.0003986954689025879
1151,1160.0,0.000436931848526001
1152,1426.0,0.0004220008850097656
1153,1420.0,0.00042939186096191406
1154,1345.0,0.0004146993160247803
1155,1310.0,0.00040987133979797363
1156,600.0,0.00042307376861572266
1157,934.0,0.00041863322257995605
1158,610.0,0.0004048347473144531
1159,541.0,0.000398099422454834
1160,1289.0,0.00041365623474121094
1161,767.0,0.0003972947597503662
1162,1015.0,0.000549614429473877
1163,998.0,0.0004400014877319336
1164,981.0,0.00043645501136779785
1165,1321.0,0.00043198466300964355
1166,778.0,0.0004621446132659912
1167,517.0,0.0004449188709259033
1168,1144.0,0.0003727376461029053
1169,1255.0,0.00042378902435302734
1170,1379.0,0.000399172306060791
1171,1386.0,0.0003975331783294678
1172,1141.0,0.0004259347915649414
1173,185.0,0.00043585896492004395
1174,1046.0,0.0005322694778442383
1175,1149.0,0.0009001791477203369
1176,1030.0,0.0004226267337799072
1177,976.0,0.0009202361106872559
1178,1072.0,0.00039014220237731934
1179,272.0,0.00041726231575012207
1180,1281.0,0.00041410326957702637
1181,1294.0,0.000485837459564209
1182,1206.0,0.0004312098026275635
1183,1364.0,0.0004099905490875244
1184,890.0,0.0004051029682159424
1185,1277.0,0.0004360079765319824
1186,1089.0,0.0004068315029144287
1187,1218.0,0.001094728708267212
1188,1226.0,0.0007931292057037354
1189,615.0,0.00043958425521850586
1190,523.0,0.00045177340507507324
1191,108.0,0.0005948543548583984
1192,1110.0,0.00041478872299194336
1193,1330.0,0.00045689940452575684
1194,1307.0,0.00043404102325439453
1195,395.0,0.0004229545593261719
1196,1098.0,0.0004622936248779297
1197,1120.0,0.0004397928714752197
1198,1423.0,0.00040331482887268066
1199,974.0,0.0007158517837524414
1200,1183.0,0.0004963278770446777
1201,1155.0,0.0004158616065979004
1202,849.0,0.0004042685031890869
1203,869.0,0.00042375922203063965
1204,84.0,0.00040653347969055176
1205,644.0,0.00043135881423950195
1206,971.0,0.00041103363037109375
1207,1359.0,0.0004496276378631592
1208,990.0,0.0004781484603881836
1209,1312.0,0.0006882548332214355
1210,728.0,0.00043907761573791504
1211,1317.0,0.0004202425479888916
1212,585.0,0.0003934204578399658
1213,1422.0,0.0005447864532470703
1214,316.0,0.0004157125949859619
1215,860.0,0.0004233121871948242
1216,221.0,0.00038760900497436523
1217,789.0,0.0004073679447174072
1218,492.0,0.0004108250141143799
1219,1224.0,0.000414043664932251
1220,571.0,0.00040152668952941895
1221,777.0,0.00045180320739746094
1222,390.0,0.00045618414878845215
1223,857.0,0.0005607306957244873
1224,1339.0,0.00040900707244873047
1225,1019.0,0.0004405379295349121
1226,1251.0,0.0004107356071472168
1227,989.0,0.0007124543190002441
1228,938.0,0.00043973326683044434
1229,411.0,0.00042870640754699707
1230,1350.0,0.00041681528091430664
1231,1050.0,0.0004075467586517334
1232,707.0,0.00041872262954711914
1233,1355.0,0.00043508410453796387
1234,1124.0,0.0004042685031890869
1235,1283.0,0.000436931848526001
1236,1244.0,0.000414043664932251
1237,1260.0,0.0004405975341796875
1238,1388.0,0.000398099422454834
1239,1381.0,0.0003936886787414551
1240,1231.0,0.00045603513717651367
1241,628.0,0.0008217096328735352
1242,625.0,0.0003911256790161133
1243,1276.0,0.00046250224113464355
1244,1263.0,0.00040784478187561035
1245,1217.0,0.00041368603706359863
1246,1371.0,0.0004609227180480957
1247,879.0,0.0005707442760467529
1248,841.0,0.0004328489303588867
1249,720.0,0.0004475116729736328
1250,483.0,0.0004229545593261719
1251,681.0,0.0004087388515472412
1252,1186.0,0.0004038512706756592
1253,174.0,0.0004169642925262451
1254,401.0,0.0004366934299468994
1255,1086.0,0.00041234493255615234
1256,1090.0,0.00045487284660339355
1257,1204.0,0.0007495284080505371
1258,1065.0,0.0004897117614746094
1259,1403.0,0.00038757920265197754
1260,1133.0,0.00040775537490844727
1261,1316.0,0.0003897547721862793
1262,1352.0,0.0004239678382873535
1263,464.0,0.0004073977470397949
1264,1383.0,0.000545799732208252
1265,452.0,0.00041863322257995605
1266,1095.0,0.00041556358337402344
1267,1101.0,0.000401914119720459
1268,582.0,0.00043013691902160645
1269,884.0,0.00044927000999450684
1270,547.0,0.00044599175453186035
1271,1385.0,0.00042131543159484863
1272,352.0,0.00045540928840637207
1273,1044.0,0.00038751959800720215
1274,100.0,0.0003952980041503906
1275,1184.0,0.00039324164390563965
1276,1412.0,0.0004074573516845703
1277,1341.0,0.00041097402572631836
1278,985.0,0.00041744112968444824
1279,621.0,0.0004203319549560547
1280,906.0,0.00041368603706359863
1281,1158.0,0.0004113912582397461
1282,1034.0,0.00041860342025756836
1283,1349.0,0.00040793418884277344
1284,346.0,0.00042489171028137207
1285,112.0,0.00039324164390563965
1286,1234.0,0.00046008825302124023
1287,1202.0,0.0005209445953369141
1288,902.0,0.0004367828369140625
1289,772.0,0.0004131197929382324
1290,682.0,0.00043514370918273926
1291,1395.0,0.00042754411697387695
1292,417.0,0.00042185187339782715
1293,835.0,0.00040012598037719727
1294,1252.0,0.00041115283966064453
1295,1116.0,0.0004258155822753906
1296,953.0,0.00041559338569641113
1297,1389.0,0.0008216500282287598
1298,1198.0,0.00040268898010253906
1299,897.0,0.00039386749267578125
1300,594.0,0.00040140748023986816
1301,1140.0,0.0003979206085205078
1302,1414.0,0.00043633580207824707
1303,1409.0,0.00042384862899780273
1304,855.0,0.00039458274841308594
1305,595.0,0.00038811564445495605
1306,1298.0,0.00039947032928466797
1307,1135.0,0.00041046738624572754
1308,182.0,0.0007086694240570068
1309,1396.0,0.00048351287841796875
1310,1091.0,0.00041347742080688477
1311,1340.0,0.0003943145275115967
1312,488.0,0.0004094243049621582
1313,1267.0,0.0004852414131164551
1314,836.0,0.00038677453994750977
1315,705.0,0.0003985762596130371
1316,1220.0,0.00040602684020996094
1317,1336.0,0.0004092752933502197
1318,1346.0,0.0004222095012664795
1319,1059.0,0.0004157423973083496
1320,1300.0,0.00041610002517700195
1321,1024.0,0.0004126429557800293
1322,1085.0,0.00038176774978637695
1323,262.0,0.0004329681396484375
1324,373.0,0.0004150271415710449
1325,633.0,0.0004374384880065918
1326,962.0,0.00038552284240722656
1327,379.0,0.00043207406997680664
1328,904.0,0.000452578067779541
1329,1138.0,0.0004693567752838135
1330,1087.0,0.00041046738624572754
1331,1293.0,0.00042000412940979004
1332,1354.0,0.00042745471000671387
1333,1148.0,0.00042682886123657227
1334,1365.0,0.0004379451274871826
1335,774.0,0.00042513012886047363
1336,513.0,0.00040152668952941895
1337,612.0,0.0004646182060241699
1338,929.0,0.00042933225631713867
1339,1121.0,0.0004087388515472412
1340,1306.0,0.000401914119720459
1341,1071.0,0.0004049539566040039
1342,1129.0,0.00039827823638916016
1343,980.0,0.0004266500473022461
1344,1380.0,0.00039070844650268555
1345,1170.0,0.00041356682777404785
1346,1376.0,0.00040152668952941895
1347,1125.0,0.00048160552978515625
1348,1075.0,0.00041741132736206055
1349,1410.0,0.00040468573570251465
1350,1150.0,0.00040847063064575195
1351,1010.0,0.00042173266410827637
1352,80.0,0.00040587782859802246
1353,1315.0,0.00043398141860961914
1354,808.0,0.00040009617805480957
1355,1390.0,0.00040796399116516113
1356,607.0,0.0009534955024719238
1357,1342.0,0.00041747093200683594
1358,1159.0,0.0004298985004425049
1359,1238.0,0.0004094243049621582
1360,1301.0,0.00042679905891418457
1361,605.0,0.0004353821277618408
1362,1415.0,0.00041407346725463867
1363,1068.0,0.0004448890686035156
1364,886.0,0.00041100382804870605
1365,1171.0,0.0003999471664428711
1366,1161.0,0.00041422247886657715
1367,489.0,0.0004242360591888428
1368,343.0,0.0004144012928009033
1369,1401.0,0.0005400776863098145
1370,407.0,0.00042316317558288574
1371,832.0,0.00040733814239501953
1372,1137.0,0.0004240572452545166
1373,1005.0,0.00041544437408447266
1374,1416.0,0.0003878176212310791
1375,687.0,0.0004278123378753662
1376,1274.0,0.0003991127014160156
1377,1398.0,0.0004171133041381836
1378,1043.0,0.0005061626434326172
1379,1304.0,0.00041228532791137695
1380,992.0,0.000399172306060791
1381,1311.0,0.0004076659679412842
1382,913.0,0.00039246678352355957
1383,229.0,0.0004055500030517578
1384,1299.0,0.00041747093200683594
1385,816.0,0.00040528178215026855
1386,1083.0,0.00041222572326660156
1387,1239.0,0.00042134523391723633
1388,430.0,0.00040775537490844727
1389,1057.0,0.00040337443351745605
1390,1212.0,0.00039845705032348633
1391,540.0,0.00041812658309936523
1392,1094.0,0.00042375922203063965
1393,1275.0,0.0004673302173614502
1394,1285.0,0.00041875243186950684
1395,1419.0,0.00040397047996520996
1396,1421.0,0.0004023313522338867
1397,1382.0,0.00043970346450805664
1398,686.0,0.00039505958557128906
1399,1103.0,0.0004215836524963379
1400,538.0,0.0004394352436065674
1401,752.0,0.00039714574813842773
1402,858.0,0.0004322826862335205
1403,1242.0,0.00040653347969055176
1404,1344.0,0.0007378458976745605
1405,1178.0,0.0004207193851470947
1406,1261.0,0.0004202723503112793
1407,696.0,0.0004158318042755127
1408,885.0,0.00044211745262145996
1409,1146.0,0.00040280818939208984
1410,1427.0,0.0003987550735473633
1411,526.0,0.0003833770751953125
1412,742.0,0.0004050135612487793
1413,1305.0,0.0005027949810028076
1414,1374.0,0.00040286779403686523
1415,1216.0,0.00039780139923095703
1416,1259.0,0.0003960728645324707
1417,1273.0,0.0008872747421264648
1418,932.0,0.0004189014434814453
1419,1314.0,0.0003930330276489258
1420,387.0,0.00041356682777404785
1421,1326.0,0.00039249658584594727
1422,1411.0,0.0004092752933502197
1423,804.0,0.0004101991653442383
1424,1322.0,0.00044834980508312583
1425,933.0,0.0007238493417389691
1426,722.0,0.00041360026807524264
1427,1168.0,0.0003889900108333677
